3,2
3,1
3,3
10,259
10,129
10,147
10,85
10,33
10,113
10,153
10,21
9,5
8,18
52,4
52,3
52,2
52,1
52,0
51,3
51,2
51,1
51,0
50,3
8,12
8,8
8,5
8,4
8,2
8,3
50,2
50,1
50,0
49,4
49,3
49,2
49,1
49,0
48,4
48,3
48,2
48,1
48,0
46,5
46,4
46,3
46,2
46,1
46,0
43,5
43,4
43,3
43,2
43,1
43,0
41,5
41,4
41,3
41,2
41,1
29,3
29,1
20,3
20,2
20,1
19,2
19,1
12,3
19,3
12,2
12,1
11,30
11,29
11,28
11,27
11,26
11,25
11,24
11,23
11,22
11,21
11,20
11,19
11,18
11,17
11,16
11,15
11,14
11,13
11,12
11,11
11,10
11,9
11,8
11,7
11,6
11,5
11,4
11,3
11,2
11,1
10,316
10,314
10,311
10,303
10,290
10,272
10,264
